%YAML:1.0
---
K: !!opencv-matrix
   rows: 3
   cols: 3
   dt: d
   data: [ 3.5540027836343006e+02, 0., 3.2127759498035471e+02, 0.,
       3.5538088775848138e+02, 2.6189819949282764e+02, 0., 0., 1. ]
D: !!opencv-matrix
   rows: 1
   cols: 5
   dt: d
   data: [ -3.1779563805504829e-01, 1.1406288707209877e-01,
       6.7195086213829461e-04, 4.8065071715036991e-04,
       -1.8929784040869549e-02 ]
