%YAML:1.0
---
K: !!opencv-matrix
   rows: 3
   cols: 3
   dt: d
   data: [ 8.0466933628786126e+02, 0., 9.5995758074866160e+02, 0.,
       8.0931814776520923e+02, 6.0631910010875231e+02, 0., 0., 1. ]
D: !!opencv-matrix
   rows: 1
   cols: 5
   dt: d
   data: [ -3.2910102504512723e-01, 1.3513245876559629e-01,
       -3.1831912627120927e-03, 7.4801679742213896e-04,
       -2.9915770268457896e-02 ]
